4230 1950 9350
2650 4130 3400
2790 9500 9020
4750 6760 7830
8450 1090 9730
8200 6780 7660
2640 5470 3570
7320 3260 1750
5950 2790 5990
4790 5410 9490
260 4760 5790
4390 8170 30
7420 7190 6200
7700 8550 8990
8800 1800 7270
5580 2980 5720
4570 6550 7440
1360 1820 3600
4150 1330 4440
3090 830 400
7850 140 8710
9540 3690 8970
260 9890 6890
2330 2410 4310
4130 9680 5530
640 8920 4330
710 6360 3430
2540 3480 8010
7390 7920 2890
1740 1840 7040
1890 4070 130
5580 3050 1510
5480 9940 1050
1410 7770 4830
1090 3300 7160
3530 1160 4820
3410 4590 5460
6890 6120 6170
8330 9010 2230
3700 9580 9630
7770 9710 1370
820 4740 6780
4280 9320 2370
2050 4150 1370
8880 4840 2780
40 9660 7390
4630 8640 920
4280 8330 4330
3290 570 4740
6390 3720 3070
6110 8610 290
4370 5400 8070
3690 1290 2410
1370 2660 6700
6210 8960 2270
9390 6350 1150
1550 790 4710
9880 8640 2870
3970 3380 7150
7690 9970 3960
9830 270 360
5230 1860 9990
6520 4270 4360
2700 4490 1580
1660 6770 2950
1530 1440 2680
5840 6160 2070
4480 2550 3620
1380 9700 7020
4870 7180 1000
8660 1060 2210
520 1050 2040
8320 8940 790
2810 520 830
3100 6990 3530
4550 9670 8710
4230 5260 3760
6780 8880 9600
0 9420 7600
7180 420 2500
8250 6160 7380
2820 1720 9560
5280 2520 90
9320 3350 1930
6310 410 4740
5980 9120 7850
4760 2890 5920
3640 6010 150
3070 3620 450
7010 6120 450
3170 7020 1150
4900 6590 2920
940 200 5750
7810 2130 1030
8220 6870 360
7350 8240 190
3760 4160 9700
9770 7830 4460
3390 8280 1630
3040 2250 4700
60 3410 5230
6650 6330 1930
6850 5600 350
8980 160 1290
9380 4040 9100
7620 4230 7330
1790 3930 8200
3140 8400 5480
1430 30 5250
3680 8250 2170
610 7000 5210
470 8930 8790
6070 2800 5450
9750 4090 5820
3790 6720 8330
8030 7570 1230
5480 9290 8850
7400 4770 4160
950 20 7310
2720 5710 2260
9730 920 9460
2180 3240 80
4990 8690 550
2600 8030 140
2840 9880 9900
410 1110 7210
9700 9970 8760
4470 7650 4250
8020 4960 1650
3730 740 2610
8180 210 5330
1420 290 8580
3630 4360 770
5180 8020 9280
5070 1440 1880
6180 8660 4730
9670 7420 8660
7330 1670 8370
5810 6850 6360
6560 2980 7900
6770 8310 5160
580 6900 3340
4940 1190 8280
2960 470 5430
7930 5870 610
6590 600 5680
7530 9270 5390
2730 1160 5060
9580 1040 2390
2560 2470 8210
4390 7630 8290
4810 4490 5060
6000 2770 5640
9990 1720 4100
5870 2330 580
9990 1540 8510
9260 6930 8620
3940 1990 6160
4990 4390 8890
7460 6120 1990
8610 7930 8070
3100 2990 2460
9390 2150 800
1110 6250 320
6960 350 320
8500 2390 9710
5430 1010 9700
7430 690 2490
5340 3100 6430
4980 5090 4940
2910 6680 5920
9420 2670 4530
1570 3470 7630
1340 3790 540
1690 7630 5170
4080 7340 2140
8620 7050 640
9310 9540 6080
2420 9490 7030
1030 4440 2370
7720 360 7350
390 4900 3780
7380 6050 3200
1170 120 4770
2330 5290 9630
3190 7430 1320
3760 1600 8930
6820 7680 7550
6320 4710 6860
760 600 2800
4640 1470 3840
3060 5250 5080
2640 8450 8990
2760 6740 6370
1570 6370 1060
2530 1210 3390
4130 140 6590
5330 7690 3870
3560 8080 700
4160 4400 7020
5630 1760 1300
4400 6840 5940
2850 5830 2530
3110 2200 5170
9480 6790 1450
690 180 3020
840 290 9070
2050 4170 3200
3650 4870 8530
1580 5410 2090
3340 6710 9770
190 6170 8920
9540 8700 3320
5270 7390 9690
2060 8840 2800
2240 5390 2280
6060 4460 6500
3750 1190 7340
2140 3240 2910
7550 8860 90
7780 8630 1670
3950 7560 5010
6180 4400 8720
3570 4100 8270
5940 6900 3540
4850 9190 5600
2830 5690 1360
4020 6550 940
790 2980 4690
9650 6590 350
8280 8260 1420
9360 6800 9200
3770 5520 6680
7870 7310 2860
8290 850 6430
7480 9970 5890
6690 1340 740
6760 5800 3580
3270 4020 1120
9860 4370 1910
8130 5800 1560
4930 8520 3370
3970 5200 6250
1290 8060 3540
2140 8020 4930
5640 7430 3230
6980 8180 4230
6300 5280 4450
320 6400 1210
4700 8320 4480
4020 3400 4350
2540 290 6000
1270 6550 4450
2850 90 8420
870 8550 3230
1830 1780 8900
10 9530 4540
5290 3980 5040
5210 8720 1340
7050 3200 1670
460 1070 9890
750 590 7430
7300 5040 9970
920 6990 4760
9470 3740 7620
4770 2640 2010
4300 700 3840
8290 5740 7370
7010 610 2660
3730 5800 1400
8330 9210 8450
2440 6640 8910
1010 130 3190
1520 4900 4010
5260 2520 4930
1430 8050 7920
2130 1900 2690
1400 9270 520
5530 5460 8810
1330 380 9340
540 8830 6590
700 1270 8440
830 4460 890
9250 8470 1900
1770 6930 6940
3350 8370 2200
5250 4590 7150
8040 5110 9290
7020 7440 4210
7400 300 9740
9760 410 4590
1030 8860 8650
5490 3270 9350
7480 8690 3700
7930 5630 2960
6310 1350 8250
900 8510 1600
9530 1320 370
6970 5530 1940
790 8790 2480
1200 6900 9890
3580 5550 9650
6850 8420 680
5540 2120 9690
4690 8600 690
6050 6860 8630
4560 1980 8460
5880 5880 2880
4930 7820 2410
7240 300 2900
4140 3710 7210
3210 3360 8410
1630 7560 2000
7270 770 8850
9400 4990 7920
6260 7140 2610
1760 5600 2180
7640 2000 6740
8980 4410 6140
9290 830 4590
3000 8040 1830
9890 9970 5970
970 1970 9180
5270 4350 4330
260 5790 1610
7400 1920 4530
6520 4110 790
8520 4370 6070
6450 520 3720
7280 8630 2700
8840 470 5510
8810 6440 2040
4310 9150 5450
2180 3480 6420
7970 8610 5210
9890 3140 8990
4000 7450 6390
8380 3530 6430
2420 770 4950
1050 3470 1400
5040 2510 2200
1490 4550 4560
640 0 6900
7640 9940 1210
6260 5160 3390
2920 4150 4880
380 4070 4770
3910 500 2300
8200 5460 4200
5190 380 140
7700 6110 4710
2250 670 9760
5770 7570 1250
5720 2300 5410
4400 9210 6570
2070 4090 2830
6140 2390 5760
170 8210 9660
9150 2410 7090
9530 2550 5290
9160 780 480
9840 540 8190
930 1790 3960
3240 720 9740
5970 7300 8980
70 3650 6900
5980 2930 8970
4190 2590 8640
120 9680 8810
6190 4970 1480
6970 5460 4530
7520 7170 3700
2830 1130 3540
7080 4390 7990
4380 6890 1230
8030 3790 7210
4490 2770 800
7080 4930 6780
6770 7260 4490
5260 8740 8130
4240 6790 4320
1410 490 1290
6070 7550 2330
460 5550 5170
7360 300 2250
4670 1030 150
960 1830 1700
5890 2130 6190
6670 140 3280
5410 8270 3570
5730 2590 2350
6220 7410 6600
7300 9740 8010
2850 4910 4080
6670 680 8070
7710 830 8950
3060 2540 3620
5200 2250 4590
5340 5530 480
7140 2620 680
9730 4980 6090
7140 1580 1820
410 3110 1570
8840 720 8870
9530 8790 5240
3880 7740 5430
9940 4880 3140
2200 9470 6210
1250 3480 4930
3880 4160 3790
2380 3770 930
3960 9120 670
590 690 1330
1310 3080 1740
100 1840 4110
1360 790 3640
6250 3940 1040
9240 3670 990
2720 8600 3190
400 2390 4440
4180 6850 1840
3300 7520 4220
7510 2370 8180
4110 7640 8780
9470 1750 3610
260 8910 7240
7720 9950 8600
1390 940 8370
3510 7650 7620
9430 2100 3860
6280 7460 4270
7320 1690 1970
3210 3390 5270
850 5690 6300
6120 9310 410
8550 6550 3400
2030 8670 7180
2970 7050 4910
4150 8190 9820
6250 5570 6860
3710 3360 6290
8920 5330 6090
2320 600 3410
8010 420 140
7320 4350 4520
7390 7750 4160
6070 4940 2720
6640 3370 4750
4830 3190 1240
3920 50 5390
7290 9860 5160
2620 5950 2400
6750 2880 1320
7170 3030 3640
1530 7550 1660
2800 1710 2500
7740 7950 9900
1110 2700 9490
7830 3950 6130
7880 2860 4480
7750 8030 8400
7220 430 9210
110 1750 1840
6660 8920 2110
4210 4100 9280
9440 6600 4330
7400 20 7140
3620 9510 4880
1090 5640 9520
3960 120 7350
1990 2050 8750
2420 1260 6500
7690 6620 7250
6610 8730 7360
710 1540 4020
840 5870 1750
4380 3010 4710
7420 1420 2110
3060 4460 9260
6710 1810 350
2280 560 4310
7060 590 6300
3690 7840 2240
2420 8720 3460
3960 6260 70
3360 1530 4310
6370 6240 8670
1310 1880 6570
5770 1140 3990
1100 1490 580
5190 5810 810
9300 5630 3090
660 7880 150
2900 4860 3840
9160 8450 9790
690 6280 7270
6930 4950 630
8810 5050 530
3470 9040 5360
4970 9620 1140
780 430 5760
9930 3520 4470
1330 7200 3770
6190 4560 7950
4650 4350 850
930 5150 3530
9410 5780 4220
4460 6310 4680
3500 5200 7010
6650 6340 490
7080 5620 8980
4130 100 3280
4850 7390 3210
9410 8870 4550
7290 9720 4260
2440 3260 8910
8220 1000 3370
8060 9200 6300
3260 6220 760
3120 230 7780
2260 9210 7950
5880 2490 5040
6800 9220 2690
5670 3770 7540
8910 1560 470
2170 470 7760
6700 7360 3720
5900 3660 5470
5640 7940 7050
5870 5730 3830
5080 3680 6950
1090 2240 2730
320 8450 8620
7610 9510 8940
9170 9990 4610
3170 1270 3520
530 5000 9220
7720 470 5920
5660 7520 5340
4910 1350 990
2120 1820 6860
4360 8070 5470
6340 210 80
5850 9150 400
5840 3760 1540
640 810 4230
5640 30 7400
9630 9470 1460
670 4810 9180
5540 5800 8360
7360 6190 3280
8950 1660 5400
9170 1740 3280
8320 5670 9620
2090 730 5480
2900 4960 4840
6450 5890 9000
5920 7350 8160
730 50 7790
60 1930 8460
6250 5210 7520
1430 4130 4880
6690 7420 7360
2360 7040 6530
6610 6040 4850
1580 4410 460
990 3410 6880
1860 1580 3330
1910 2890 2770
3840 4880 7030
2580 2400 7090
6710 810 3340
7650 8170 8290
8220 4700 4980
4260 9550 870
2190 20 7480
9130 420 2580
710 3760 3570
7120 6530 5430
2000 3560 860
4410 4170 8230
5220 1030 810
3390 9320 1040
1610 4310 8700
1160 5180 440
4700 2660 8220
5130 8770 420
2410 2340 9550
2460 7780 3780
6030 2160 900
3720 390 2910
4760 4720 840
7600 5770 9580
1910 7990 2970
610 8430 8100
6800 6650 2780
5570 590 7490
7910 3660 6140
9210 7440 2070
4900 1870 4530
5290 8300 4080
20 9140 7810
9310 8720 6090
820 5210 3690
9250 3310 5610
9420 6090 9740
20 7100 6540
3680 6760 2110
4650 8830 3550
6520 3370 6280
4820 7450 1180
7480 8780 0
6200 4870 3540
4930 8570 2850
1760 7700 3670
7850 7440 6440
8480 7510 9380
5240 3140 9400
4080 210 6610
970 6500 4780
1940 1200 1300
730 1200 9640
9120 4740 7120
1210 1110 6840
8910 8300 1770
9880 4740 3530
7390 4130 4900
530 7050 3380
750 7180 2150
770 1960 9750
5490 6780 4240
6700 9940 6180
4960 7060 430
9600 7420 9560
7900 9190 4290
2650 6240 3210
300 1150 3090
870 8050 4000
8060 3720 4530
3540 3470 8800
3850 1230 3090
3790 7420 8590
4380 1370 5290
1800 4450 3770
1000 8750 3370
760 1960 1280
5430 8570 7450
3490 2570 7750
730 620 2140
4210 2950 200
8960 6040 7270
6380 4630 1120
7760 3440 4910
5730 7220 9290
4480 4110 1100
9960 8910 5620
8530 6360 6380
4620 7630 1820
8770 9780 8830
1720 3500 9560
1280 770 7290
5920 1890 6260
9360 330 6160
100 9620 3920
7740 4240 9660
6650 9860 7660
6540 6250 7630
7690 1590 6160
990 420 4310
8020 9980 3080
8790 800 8320
4210 7060 9600
4540 3220 9040
4160 670 1930
1930 3850 2030
1790 1510 3290
1560 9140 3470
3150 8830 3530
3570 6660 1220
7080 3260 5740
7880 1580 3760
4940 4700 6070
1680 3750 280
2350 5680 8340
6200 1230 6030
1240 8050 7960
380 1520 9750
2730 5050 1320
9390 9790 4470
2650 9050 1570
7750 2810 8650
2460 2410 50
9730 2690 4990
5410 1040 190
160 7070 2550
8210 5030 2270
3250 8300 3510
8300 9620 7420
1620 7620 150
670 2710 9550
7010 4880 5720
9420 4930 3480
2110 3440 5940
6670 3630 5670
7260 9700 4600
5810 1980 8280
4120 5490 20
7260 2910 3270
8400 6590 5100
1110 6140 6720
5990 1860 910
4440 8860 7920
7880 4800 7340
5040 3990 2980
4740 2110 9650
240 400 440
5740 3940 6250
2170 7210 370
8760 5830 7640
8420 6070 9560
3810 6990 680
2670 4910 190
1000 5780 4640
8510 8760 6040
630 1930 1080
4550 2370 9350
8490 8630 9590
9220 2520 8850
5060 3680 4550
1130 3250 6830
8120 3930 5260
6560 4120 2590
5860 2280 8780
4620 8330 3300
70 2930 1820
2450 5800 5970
4600 5400 4040
7120 7770 6050
810 2320 8790
4060 9160 3850
1510 7940 8510
9150 4050 150
1440 2830 230
3290 9660 6090
6220 1480 710
2030 970 4310
950 8530 6760
8720 8100 4880
1050 6890 2000
3730 750 6330
5190 2780 390
9240 2930 1900
5590 3170 1060
5250 2780 6020
250 7020 9310
4740 1330 9050
3270 8090 4600
1370 6490 5550
8270 8490 7800
2540 4830 2370
8840 8740 6100
1770 4170 1290
8460 8750 4050
1250 4770 9640
8270 7600 4900
9600 6650 8670
1210 4780 3420
1220 330 6690
9710 8130 1590
8060 500 3380
330 120 9440
4500 4930 8280
6770 2500 3570
5060 2150 5560
2660 570 330
2830 9240 2120
7610 2660 5240
1470 2880 9970
3120 7990 1190
7150 4890 900
7270 7850 2490
5730 9650 2820
8230 3220 840
3900 2300 1130
4470 2630 6190
7240 8270 2370
3420 3510 5200
9820 3480 6340
7810 4670 7810
6220 9100 930
4070 1590 8080
3720 7930 8880
470 8770 4610
2770 3420 6360
8930 9610 270
7200 1980 8260
720 700 5500
7720 7040 8930
2400 8370 8750
1500 9310 90
6610 910 6310
4540 9790 3910
6830 7920 7630
250 7810 8100
9860 8080 4400
5360 6340 6850
6060 5370 4050
3110 4300 8290
1480 6570 6020
4310 6660 8420
5230 6500 3440
8540 410 50
9990 1560 8110
7800 3190 4940
9400 7590 8710
9260 7960 8570
4630 2010 7450
2450 3830 3510
9030 3370 140
9210 5310 5150
9230 8750 9460
3160 2320 8210
4730 430 280
1440 8890 270
2550 7600 1590
510 9690 4510
6040 7140 3770
9870 650 8410
3240 4320 4380
8550 9470 3410
820 8930 6150
3140 670 5380
7090 950 2070
5980 4740 6800
3580 9850 8240
3270 4360 790
3930 8130 4820
8110 60 860
2430 4450 740
1900 1380 7500
830 7530 9580
5020 6440 400
9490 8510 7070
4230 8830 4160
7600 590 3670
1960 4900 7250
3620 9720 4050
7200 580 1500
1650 4840 9610
6560 5870 2040
7610 5450 3940
4050 9370 8300
6080 6440 3320
4910 4130 2820
5500 7800 570
400 8570 8180
120 6140 3660
4230 7650 7280
9070 780 8010
4940 2830 3180
3910 6770 9740
3290 8590 7360
3250 5440 4930
900 1780 1020
2220 2350 9450
800 4050 8480
460 7720 8880
1630 8520 2530
2420 6530 280
5250 9720 2870
5540 2980 1340
7660 340 5250
3100 8800 2060
4880 9820 5320
750 9270 6220
4810 1270 8450
6050 160 2770
8090 6210 6750
8150 10 8390
7870 2880 810
4370 4220 9580
4720 9480 8640
3520 1540 6300
6860 380 9400
9650 130 7800
930 2100 8560
4610 8390 6890
4340 5140 2940
4350 3530 1030
7230 7860 9180
4980 7440 570
4460 6090 4950
9520 5910 3190
3430 5320 230
3560 6640 610
9180 5200 260
7570 2090 4710
6230 8550 9320
9770 3110 7180
1150 5810 1530
2120 9910 2290
1730 4860 7270
7640 1570 5250
6480 5320 8290
3130 5930 5240
1850 9710 2320
7470 7950 1500
9540 790 2590
2650 7980 8830
8470 3030 8600
1900 8840 3270
280 9630 5390
1850 4880 7120
690 6700 8290
140 1940 4770
9850 7790 1420
7800 9290 3280
2120 1890 750
100 720 3810
3130 2840 6470
5500 9630 8460
5130 5030 360
3540 5670 640
240 3960 6010
5700 8740 6700
3490 3680 6840
6310 6960 210
8200 1230 1540
2440 5050 3660
8800 5040 7280
8430 3500 3930
6980 7380 9430
2660 1540 4570
140 7550 8110
2400 7770 1870
6090 8130 1090
3050 1860 4590
7810 3400 900
6380 580 2620
1420 7860 8580
8440 1800 900
5820 4750 2850
880 9320 9840
1950 950 6020
9720 2820 6160
1370 3920 8570
3230 2030 4660
6640 6450 1230
740 2590 2560
2130 4690 8940
3930 5590 3880
2200 1960 2320
5050 5320 1660
6000 1340 6060
2350 1030 8010
9790 9600 7730
1820 7780 9100
1790 2530 5860
4380 8620 2500
2590 7560 6760
1700 4970 8890
3660 810 6340
8990 2480 8550
330 8540 3600
1360 6560 3120
4480 7810 5470
5780 440 5260
1840 6300 600
460 2320 2390
1540 9080 290
6510 1500 2880
7330 7840 4580
3330 6390 8250
5390 3510 760
5470 6640 4610
6810 5630 9500
7250 900 3980
7070 1500 3290
2910 7420 5130
1990 7710 9110
7010 600 650
4860 8700 690
4770 470 1540
8290 1230 4870
8450 5850 3780
4080 5350 2780
8500 2850 9590
3530 6140 360
950 4790 950
8660 3900 3860
2780 4560 9370
5010 8770 6390
5480 310 1250
6720 8700 9540
2570 2480 7830
1440 8780 9800
4290 1890 7410
3960 2250 5910
8750 6720 9440
6180 580 3910