426 996 610
303 635 888
334 112 741
204 66 290
804 202 962
683 534 571
872 275 715
450 219 496
122 515 244
181 907 472
529 517 90
516 757 516
628 499 819
46 789 505
600 103 709
135 26 865
762 741 900
981 589 773
497 834 575
404 306 697
273 748 230
382 264 111
233 435 627
22 940 607
477 1 6
503 218 606
596 119 741
538 244 504
372 819 837
30 868 334
778 451 90
394 562 715
181 190 98
121 149 331
474 155 706
692 762 183
163 855 39
407 359 635
226 197 173
95 883 897
898 974 279
460 689 57
650 787 803
800 471 984
955 177 457
69 712 931
925 751 976
284 739 139
833 264 547
717 162 125
43 441 572
84 851 470
872 6 931
695 991 933
224 448 85
936 732 41
40 708 462
131 199 387
395 746 24
909 224 857
703 796 926
906 267 969
912 550 54
255 483 278
704 569 325
788 962 549
848 424 837
47 812 877
146 836 360
370 45 108
166 972 17
785 293 72
335 699 978
819 329 243
388 6 498
702 555 554
126 393 342
938 622 190
126 335 590
172 443 736
496 460 106
141 885 624
193 863 410
874 458 745
881 309 564
788 863 304
533 558 6
508 100 485
843 690 775
286 778 902
98 884 426
983 861 274
199 271 767
657 16 312
318 933 187
534 589 420
92 596 560
544 81 94
587 856 954
365 110 797
602 888 83
463 162 533
86 282 517
454 594 68
387 133 725
977 553 396
925 466 930
358 560 374
566 514 918
29 663 857
917 98 575
80 631 529
714 148 344
308 216 430
442 294 884
347 690 624
813 972 601
373 346 878
239 616 236
902 474 154
0 401 183
984 930 101
132 274 533
701 56 247
347 940 555
389 916 349
361 517 697
59 747 510
675 335 236
501 490 827
254 25 82
184 126 434
810 11 418
218 610 903
511 166 604
427 867 303
297 564 692
44 427 405
732 663 816
222 842 843
599 924 345
78 359 951
89 777 136
700 680 298
218 636 869
85 939 380
2 983 159
429 740 456
444 556 853
286 400 585
211 97 159
570 48 758
699 536 836
732 187 278
368 408 978
660 788 548
995 947 633
88 756 987
996 609 416
748 546 860
197 705 147
598 815 710
134 4 280
673 282 331
81 612 63
221 160 784
521 145 444
629 133 791
238 901 231
136 762 228
193 261 976
8 971 526
12 603 124
646 934 610
258 350 284
770 134 717
268 930 291
753 721 164
654 305 793
416 533 383
29 861 519
0 387 712
603 511 720
890 122 85
240 758 731
726 827 342
656 118 464
729 282 732
34 75 485
567 810 140
781 329 908
168 41 938
32 114 290
154 551 246
264 634 136
91 328 728
562 793 454
196 525 462
624 11 191
434 503 226
764 411 145
157 701 926
623 344 447
526 590 479
161 78 985
489 158 601
282 612 44
160 74 606
171 617 803
674 843 779
437 341 213
491 619 977
835 418 487
777 249 110
855 234 637
13 187 150
977 232 639
403 838 274
20 993 434
216 124 957
909 338 983
528 667 420
947 154 263
196 617 450
783 254 227
970 756 434
202 395 799
393 21 776
738 455 531
863 764 552
553 747 120
220 520 29
375 783 557
992 234 856
598 813 405
354 248 188
101 47 510
123 824 65
930 707 810
695 259 900
794 379 763
314 408 668
98 318 889
684 174 264
497 579 608
97 119 558
145 630 912
321 695 365
28 505 840
640 405 123
19 521 818
780 189 612
450 430 279
624 46 729
556 654 413
27 212 262
657 476 712
704 194 857
561 34 530
967 157 558
840 327 198
381 292 570
812 571 702
858 300 152
865 65 128
429 327 36
258 39 64
452 248 73
486 778 778
996 689 339
323 239 658
615 161 498
186 863 232
838 367 396
903 848 254
583 884 471
974 300 253
223 374 511
353 152 963
42 491 801
634 502 149
795 0 473
11 584 440
378 980 979
578 587 817
463 410 721
115 663 656
489 174 630
641 489 205
485 643 911
987 792 305
339 617 939
276 58 735
256 389 746
195 206 476
606 279 55
269 287 518
796 918 633
285 475 475
280 386 116
425 692 953
42 631 292
452 718 984
841 464 260
400 941 516
31 996 712
319 866 670
589 851 939
64 326 735
803 795 373
495 100 653
478 393 78
197 377 473
13 637 925
954 505 119
302 569 871
168 239 902
372 179 573
698 266 162
845 991 579
946 997 382
691 75 229
68 900 59
57 826 608
562 297 622
132 168 928
723 422 231
254 996 751
521 510 123
512 89 174
861 823 371
937 404 317
189 464 8
367 424 428
664 46 485
184 975 400
607 558 884
955 661 607
465 785 862
907 311 735
730 682 599
487 352 461
303 712 750
727 493 939
126 978 307
453 730 971
11 614 508
672 222 115
809 436 422
472 171 887
507 770 146
859 231 229
923 981 716
416 921 371
747 228 98
477 551 576
92 59 29
666 526 392
102 300 417
273 540 578
43 686 51
627 915 558
960 983 769
881 354 692
461 805 461
365 381 208
424 763 685
303 155 777
603 572 795
143 151 897
182 554 170
449 112 566
433 233 545
139 277 505
296 738 739
678 946 200
441 632 565
948 761 342
521 557 997
24 454 600
578 977 96
42 895 278
275 440 727
552 297 512
643 36 652
589 237 948
573 154 978
687 848 771
596 845 720
402 446 593
379 894 617
626 172 195
418 251 237
716 764 864
104 768 768
693 68 411
848 399 353
696 522 278
542 594 965
340 187 561
586 156 964
110 351 695
361 940 674
477 156 92
597 925 160
666 688 265
417 393 310
939 672 158
534 989 207
721 903 101
230 219 793
581 266 379
874 940 489
382 385 202
307 897 680
348 514 277
741 825 295
765 983 712
107 542 4
10 643 538
581 436 611
847 815 841
140 656 775
877 859 1
774 539 383
289 168 43
466 816 743
801 880 484
344 884 602
339 774 709
776 386 71
943 579 4
600 354 851
459 707 343
350 91 220
870 486 995
686 229 636
567 713 102
803 667 903
578 728 599
964 151 939
895 155 67
602 359 10
309 702 962
400 275 773
886 270 123
115 258 994
181 712 32
200 967 951
929 567 755
432 858 333
588 925 649
299 287 544
353 250 146
628 23 456
250 499 208
508 845 447
572 877 914
540 829 95
459 584 648
317 269 929
594 918 361
881 814 301
131 313 600
507 121 954
6 681 582
851 128 833
80 43 693
261 490 266
197 490 158
466 419 969
736 781 286
903 434 232
216 35 113
689 341 597
370 275 104
851 460 462
246 154 665
736 772 745
579 282 7
998 251 204
131 537 23
566 121 111
953 234 14
294 183 230
921 639 271
382 101 642
888 118 493
660 864 739
942 223 827
193 779 406
82 154 757
203 266 888
789 280 806
973 863 759
612 134 405
66 128 327
184 621 709
400 712 949
623 540 609
755 298 903
909 55 448
175 296 530
808 102 85
671 214 226
805 619 199
934 298 164
907 359 582
620 308 118
512 917 519
810 172 494
218 620 249
514 502 511
968 587 38
182 814 846
802 365 517
100 881 675
812 463 961
120 582 220
390 453 192
562 947 704
183 549 867
685 60 85
625 98 951
791 297 919
156 166 102
38 841 256
853 154 708
787 375 520
240 567 993
540 624 383
89 491 945
501 928 480
951 879 518
248 150 143
415 252 934
608 860 442
115 569 832
842 441 38
409 434 825
385 817 418
876 115 958
156 947 47
387 465 548
538 960 851
142 246 100
3 41 867
924 873 475
365 263 590
800 89 432
969 507 194
436 817 579
384 216 808
201 764 316
514 615 704
112 67 242
153 934 384
379 762 387
642 352 311
83 137 29
942 683 181
759 614 150
975 774 939
91 91 675
59 795 876
126 389 742
413 773 207
175 513 360
879 176 91
368 557 86
51 738 169
666 241 464
440 180 223
883 855 551
678 83 994
419 826 53
545 33 532
58 745 297
586 189 472
144 275 703
234 796 72
475 260 123
655 484 789
862 387 582
946 381 465
124 435 496
157 319 915
254 616 460
443 440 870
70 143 457
867 215 953
127 339 187
963 480 15
350 62 670
732 880 533
519 376 831
838 643 955
806 456 464
246 326 718
389 135 514
605 440 584
296 628 451
776 643 931
839 665 894
71 550 245
447 381 329
442 336 848
898 800 38
225 871 844
360 385 442
801 321 831
781 773 788
776 704 84
793 598 861
344 195 52
725 524 123
414 724 922
566 762 364
437 958 263
174 400 488
496 584 200
269 372 353
325 457 486
275 670 262
471 722 56
347 845 752
72 767 477
186 131 243
145 746 810
897 234 247
833 787 422
558 140 918
367 627 539
37 241 864
759 649 491
956 401 962
75 231 662
558 474 734
305 284 920
891 532 417
678 306 667
171 224 852
798 115 410
391 331 777
41 822 814
794 137 925
25 799 233
500 533 660
784 805 219
668 575 876
974 242 767
550 94 446
17 857 969
348 634 119
171 449 510
308 726 903
107 960 698
992 620 75
797 191 575
372 67 712
966 187 732
413 985 59
270 954 961
256 73 979
57 935 327
784 839 850
96 889 510
68 316 617
260 244 961
679 956 759
218 40 483
203 99 802
157 61 215
582 392 837
518 71 93
709 274 151
950 784 287
266 754 383
510 715 803
818 474 415
211 310 95
310 112 313
723 679 869
467 516 26
539 961 961
813 464 479
949 751 540
703 486 490
419 290 108
893 705 971
555 152 789
667 818 352
346 687 663
214 65 738
176 26 558
640 857 449
744 397 614
230 239 563
520 348 267
578 319 686
730 460 931
548 813 487
587 828 506
653 918 205
31 476 419
889 925 947
638 539 940
878 103 684
226 722 266
545 760 139
357 691 717
170 530 447
350 389 348
269 594 287
97 13 940
23 313 972
914 253 213
369 289 851
91 555 729
851 694 307
895 411 204
777 211 562
166 911 84
112 198 435
126 491 56
791 815 153
44 380 528
333 231 443
240 313 812
935 972 256
698 177 459
261 91 706
524 175 836
75 962 354
566 370 467
733 524 945
113 404 736
696 847 780
9 12 465
982 620 705
511 79 992
602 138 691
777 974 304
92 328 829
462 147 904
338 92 822
95 828 555
942 960 668
306 425 364
926 483 726
358 475 60
848 166 571
822 471 173
502 652 302
650 556 394
94 378 209
275 285 899
235 953 994
13 669 289
496 395 947
971 455 874
490 26 584
961 551 784
965 854 958
521 600 460
251 161 462
536 61 909
841 407 184
510 696 419
258 644 432
65 870 280
444 806 252
995 590 742
201 548 55
802 360 20
963 175 893
376 436 144
136 620 32
832 391 873
828 176 383
50 456 993
208 708 59
798 450 503
698 505 498
411 877 700
938 770 854
374 914 169
994 946 546
385 171 682
561 907 866
18 900 47
78 959 97
881 814 306
738 665 456
616 717 507
386 571 918
653 740 208
951 638 582
123 672 928
30 891 313
930 938 227
242 387 597
56 45 27
73 502 908
790 9 647
361 279 263
454 487 1
444 421 654
117 349 958
8 14 81
298 593 463
685 190 393
731 570 987
585 478 396
594 125 469
225 740 260
64 742 973
485 748 779
834 706 224
200 787 341
794 250 701
336 996 999
906 335 36
385 731 767
510 553 352
603 813 298
345 138 875
445 918 291
152 142 776
291 835 962
894 536 163
242 887 309
577 275 645
661 43 552
214 747 937
27 398 799
517 625 402
435 917 99
577 693 545
412 8 49
300 523 340
539 832 234
815 829 828
210 381 406
957 318 67
707 470 633
333 872 12
250 324 529
295 869 965
655 918 542
178 610 307
362 845 607
192 25 499
573 431 314
244 850 524
714 483 833
938 847 541
262 377 874
483 342 476
753 236 771
364 543 427
561 503 957
586 2 672
370 668 864
572 544 789
408 377 385
255 270 451
632 496 742
974 972 356
563 744 840
458 523 593
961 480 309
315 152 870
335 368 457
879 510 179
609 895 751
879 699 159
376 441 415
348 797 47
444 989 374
967 583 289
800 892 747
304 115 709
673 924 376
535 103 712
430 854 943
129 14 552
922 781 784
720 180 160
709 906 860
644 195 657
889 943 976
356 4 776
280 380 81
383 444 106
589 388 641
955 292 423
736 76 905
269 588 827
175 449 899
371 106 961
314 434 605
318 211 846
698 644 202
495 102 482
235 743 217
527 518 159
604 423 114
192 603 203
993 854 472
451 815 647
886 773 18
449 619 332
93 174 2
547 8 701
642 578 548
160 737 783
936 851 310
539 406 266
745 878 811
561 878 804
334 896 608
305 581 494
479 583 943
840 636 388
418 184 935
155 319 577
358 630 89
765 896 25
995 707 916
873 864 662
122 472 575
703 318 909
638 261 566
275 1 398
811 936 238
131 865 656
113 306 163
361 684 521
421 952 638
285 614 634
109 541 507
427 802 629
688 369 684
41 767 323
329 357 950
546 365 761
852 528 244
536 49 357
489 688 719
455 674 140
997 533 777
799 163 886
520 199 313
639 522 353
996 824 394
361 938 75
889 182 621
291 892 473
331 611 362
5 103 851
538 880 658
53 118 7
605 431 807
479 136 679
304 882 319
242 957 315
424 930 29
316 403 918
279 765 561
734 968 892
614 627 249
732 634 140
515 793 545
3 825 150
237 144 630
546 811 934
476 840 528
880 111 952
997 672 621
318 917 252
297 518 987
283 658 953
77 204 38
254 706 905
398 336 909
209 622 146
402 150 693
513 455 521
537 76 401
454 680 751
325 667 69
983 621 366
539 11 649
246 916 78
582 825 332
557 324 82
707 369 644
162 890 46
590 644 911
